[gd_scene load_steps=7 format=2]

[ext_resource path="res://Sprites/Shotgun/aa12d0.png" type="Texture" id=1]
[ext_resource path="res://Sprites/Shotgun/aa12c0.png" type="Texture" id=2]
[ext_resource path="res://Sprites/Shotgun/aa12b0.png" type="Texture" id=3]
[ext_resource path="res://Sprites/Shotgun/aa12a0.png" type="Texture" id=4]
[ext_resource path="res://Scenes/Gun.gd" type="Script" id=6]

[sub_resource type="SpriteFrames" id=1]
animations = [ {
"frames": [ ExtResource( 4 ) ],
"loop": true,
"name": "idle",
"speed": 5.0
}, {
"frames": [ ExtResource( 3 ), ExtResource( 2 ), ExtResource( 1 ), ExtResource( 1 ) ],
"loop": true,
"name": "shoot",
"speed": 12.0
} ]

[node name="Shotgun" type="Spatial"]
script = ExtResource( 6 )

[node name="CanvasLayer" type="CanvasLayer" parent="."]

[node name="Control" type="Control" parent="CanvasLayer"]
anchor_left = 1.0
anchor_top = 1.0
anchor_right = 1.0
anchor_bottom = 1.0
margin_left = -40.0
margin_top = -40.0

[node name="GunSprite" type="AnimatedSprite" parent="CanvasLayer/Control"]
position = Vector2( -342, 38.9996 )
rotation = 3.14159
scale = Vector2( 4.26087, 3.30158 )
frames = SubResource( 1 )
animation = "idle"
playing = true
centered = false
flip_h = true
flip_v = true

[node name="GunRays" type="Spatial" parent="."]

[node name="RayCast" type="RayCast" parent="GunRays"]
transform = Transform( 1, 0, 0, 0, 0.997764, -0.0668312, 0, 0.0668312, 0.997764, 0, 0, 0 )
enabled = true
cast_to = Vector3( 0, 0, -20 )

[node name="RayCast2" type="RayCast" parent="GunRays"]
transform = Transform( 0.994522, -0.00729154, 0.104274, 0, 0.997564, 0.0697565, -0.104528, -0.0693743, 0.992099, 0, 0, 0 )
enabled = true
cast_to = Vector3( 0, 0, -10 )

[node name="RayCast3" type="RayCast" parent="GunRays"]
transform = Transform( 0.997564, -0.00243447, -0.069714, 0, 0.999391, -0.0348995, 0.0697565, 0.0348145, 0.996956, 0, 0, 0 )
enabled = true
cast_to = Vector3( 0, 0, -15 )

[node name="RayCast4" type="RayCast" parent="GunRays"]
transform = Transform( 0.99863, 0.00365077, 0.0522085, 0, 0.997564, -0.0697565, -0.052336, 0.0696609, 0.996197, 0, 0, 0 )
enabled = true
cast_to = Vector3( 0, 0, -10 )

[node name="RayCast5" type="RayCast" parent="GunRays"]
transform = Transform( 0.999391, -0.00060908, 0.0348942, 0, 0.999848, 0.0174524, -0.0348995, -0.0174418, 0.999239, 0, 0, 0 )
enabled = true
cast_to = Vector3( 0, 0, -20 )

[node name="RayCast6" type="RayCast" parent="GunRays"]
transform = Transform( 1, 0, 0, 0, 0.999848, -0.0174524, 0, 0.0174524, 0.999848, 0, 0, 0 )
enabled = true
cast_to = Vector3( 0, 0, -10 )

[node name="RayCast7" type="RayCast" parent="GunRays"]
transform = Transform( 0.999048, 0.00190265, 0.0435779, 0, 0.999048, -0.0436194, -0.0436194, 0.0435779, 0.998097, 0, 0, 0 )
enabled = true
cast_to = Vector3( 0, 0, -15 )

[node name="RayCast8" type="RayCast" parent="GunRays"]
transform = Transform( 1, 0, 0, 0, 0.994522, -0.104528, 0, 0.104528, 0.994522, 0, 0, 0 )
enabled = true
cast_to = Vector3( 0, 0, -10 )

[node name="RayCast9" type="RayCast" parent="GunRays"]
enabled = true
cast_to = Vector3( 0, 0, -20 )
